-4.463774e+00 14.1071
-4.419722e+00 13.6004
-4.375671e+00 12.4953
-4.331619e+00 12.0048
-4.287567e+00 11.3359
-4.243516e+00 11.0478
-4.199464e+00 10.896
-4.155412e+00 10.7622
-4.111361e+00 10.2628
-4.067309e+00 9.82773
-4.023257e+00 9.14988
-3.979205e+00 8.56149
-3.935154e+00 7.98733
-3.891102e+00 7.703
-3.847050e+00 7.52764
-3.802999e+00 7.4312
-3.758947e+00 7.24758
-3.714895e+00 6.88952
-3.670844e+00 6.40848
-3.626792e+00 5.94101
-3.582740e+00 5.59587
-3.538688e+00 5.43833
-3.494637e+00 5.42259
-3.450585e+00 5.45136
-3.406533e+00 5.36286
-3.362482e+00 5.12169
-3.318430e+00 4.76482
-3.274378e+00 4.40945
-3.230327e+00 4.18996
-3.186275e+00 4.14981
-3.142223e+00 4.25902
-3.098171e+00 4.39151
-3.054120e+00 4.40423
-3.010068e+00 4.24836
-2.966016e+00 3.97423
-2.921965e+00 3.71765
-2.877913e+00 3.59185
-2.833861e+00 3.66131
-2.789810e+00 3.85661
-2.745758e+00 4.05534
-2.701706e+00 4.12547
-2.657654e+00 4.0259
-2.613603e+00 3.82249
-2.569551e+00 3.6357
-2.525499e+00 3.58639
-2.481448e+00 3.71774
-2.437396e+00 3.97308
-2.393344e+00 4.21847
-2.349293e+00 4.3246
-2.305241e+00 4.25813
-2.261189e+00 4.08795
-2.217137e+00 3.9488
-2.173086e+00 3.95508
-2.129034e+00 4.14811
-2.084982e+00 4.43725
-2.040931e+00 4.70374
-1.996879e+00 4.83309
-1.952827e+00 4.79102
-1.908776e+00 4.63765
-1.864724e+00 4.52409
-1.820672e+00 4.56355
-1.776620e+00 4.77786
-1.732569e+00 5.09202
-1.688517e+00 5.36276
-1.644465e+00 5.48065
-1.600414e+00 5.41683
-1.556362e+00 5.27651
-1.512310e+00 5.18502
-1.468259e+00 5.2434
-1.424207e+00 5.47358
-1.380155e+00 5.78045
-1.336103e+00 6.03136
-1.292052e+00 6.12795
-1.248000e+00 6.04921
-1.203948e+00 5.89161
-1.159897e+00 5.80517
-1.115845e+00 5.86851
-1.071793e+00 6.10059
-1.027742e+00 6.41223
-9.836899e-01 6.64928
-9.396382e-01 6.7472
-8.955865e-01 6.66647
-8.515348e-01 6.5205
-8.074831e-01 6.40688
-7.634314e-01 6.45201
-7.193797e-01 6.66547
-6.753280e-01 6.98863
-6.312763e-01 7.19426
-5.872246e-01 7.24939
-5.431729e-01 7.12378
-4.991212e-01 6.97049
-4.550694e-01 6.81582
-4.110178e-01 6.87358
-3.669661e-01 7.08325
-3.229143e-01 7.35293
-2.788626e-01 7.51186
-2.348109e-01 7.51652
-1.907593e-01 7.35195
-1.467076e-01 7.14658
-1.026558e-01 7.01923
-5.860415e-02 7.07452
-1.455245e-02 7.26935
2.949925e-02 7.49787
7.355095e-02 7.61341
1.176027e-01 7.5655
1.616544e-01 7.38947
2.057060e-01 7.14101
2.497577e-01 6.93815
2.938095e-01 6.95852
3.378612e-01 7.09253
3.819128e-01 7.27611
4.259645e-01 7.38072
4.700162e-01 7.29011
5.140680e-01 7.06444
5.581197e-01 6.77497
6.021713e-01 6.60375
6.462230e-01 6.59008
6.902748e-01 6.73374
7.343265e-01 6.90544
7.783781e-01 6.98832
8.224298e-01 6.86613
8.664815e-01 6.63249
9.105333e-01 6.33436
9.545850e-01 6.17808
9.986366e-01 6.18529
1.042688e+00 6.31189
1.086740e+00 6.48539
1.130792e+00 6.50662
1.174843e+00 6.34613
1.218895e+00 6.06245
1.262947e+00 5.80208
1.306999e+00 5.62306
1.351050e+00 5.64855
1.395102e+00 5.78756
1.439154e+00 5.92139
1.483205e+00 5.93568
1.527257e+00 5.77345
1.571309e+00 5.48806
1.615360e+00 5.21576
1.659412e+00 5.05642
1.703464e+00 5.08639
1.747516e+00 5.24738
1.791567e+00 5.39284
1.835619e+00 5.40986
1.879671e+00 5.25005
1.923722e+00 4.97372
1.967774e+00 4.71487
2.011826e+00 4.57985
2.055877e+00 4.65185
2.099929e+00 4.84513
2.143981e+00 5.01179
2.188033e+00 5.04068
2.232084e+00 4.89828
2.276136e+00 4.66015
2.320188e+00 4.45505
2.364239e+00 4.39081
2.408291e+00 4.50169
2.452343e+00 4.73698
2.496394e+00 4.94464
2.540446e+00 5.02375
2.584498e+00 4.91844
2.628550e+00 4.73508
2.672601e+00 4.59455
2.716653e+00 4.59956
2.760705e+00 4.79202
2.804756e+00 5.09473
2.848808e+00 5.36291
2.892860e+00 5.49355
2.936911e+00 5.46281
2.980963e+00 5.34165
3.025015e+00 5.29526
3.069067e+00 5.39374
3.113118e+00 5.69762
3.157170e+00 6.08107
3.201222e+00 6.44675
3.245273e+00 6.66873
3.289325e+00 6.7463
3.333377e+00 6.74843
3.377428e+00 6.79459
3.421480e+00 7.01198
3.465532e+00 7.44511
3.509584e+00 7.97979
3.553635e+00 8.45179
3.597687e+00 8.73263
3.641739e+00 8.90734
3.685790e+00 9.08577
3.729842e+00 9.23597
3.773894e+00 9.70676
3.817945e+00 10.1456
3.861997e+00 10.8692
3.906049e+00 11.4482
3.950101e+00 11.7197
3.994152e+00 12.13
4.038204e+00 11.6621
4.082256e+00 12.2525
4.126307e+00 13.1394
4.170359e+00 13.4554
4.214411e+00 15.5584
4.258462e+00 15.71
4.302514e+00 16.3847
